414.0 777.5
414.0 777.5
414.0 777.5
414.0 777.5
414.0 777.5
414.0 777.5
414.0 777.5
414.0 777.5
414.0 777.5
414.0 777.5
414.0 777.5
414.0 777.5
414.0 777.5
414.0 777.5
414.0 777.5
414.0 777.5
414.0 777.5
414.0 777.5
399.0 785.5
399.0 783.5
399.0 783.5
399.0 783.5
399.0 783.5
399.0 783.5
414.0 775.5
414.0 773.5
414.0 772.5
414.0 770.5
414.0 769.5
414.0 767.5
414.0 766.5
414.0 764.5
414.0 763.5
414.0 761.5
414.0 760.5
414.0 758.5
414.0 757.5
414.0 755.5
414.0 754.5
413.0 753.5
413.0 751.5
413.0 750.5
413.0 748.5
413.0 747.5
413.0 746.5
413.0 744.5
413.0 743.5
412.0 741.5
412.0 740.5
412.0 739.5
412.0 737.5
412.0 736.5
412.0 730.5
411.0 718.5
411.0 705.5
410.0 693.5
410.0 681.5
409.0 669.5
409.0 661.5
409.0 649.5
409.0 637.5
409.0 625.5
409.0 625.5
409.0 625.5
409.0 625.5
409.0 625.5
409.0 625.5
409.0 620.5
409.0 621.5
409.0 621.5
409.0 622.5
409.0 623.5
409.0 623.5
409.0 624.5
409.0 625.5
410.0 625.5
410.0 626.5
410.0 626.5
410.0 626.5
410.0 626.5
410.0 626.5
410.0 626.5
410.0 626.5
410.0 626.5
410.0 626.5
410.0 626.5
410.0 626.5
410.0 626.5
