videos/pen5slowFindTrial.avi
414.0 777.5
414.0 777.5
414.0 777.5
414.0 777.5
414.0 777.5
414.0 777.5
414.0 777.5
414.0 777.5
414.0 777.5
414.0 777.5
414.0 777.5
414.0 777.5
414.0 777.5
414.0 777.5
414.0 777.5
414.0 777.5
414.0 777.5
414.0 777.5
414.0 777.5
414.0 777.5
414.0 777.5
414.0 777.5
414.0 777.5
414.0 777.5
414.0 777.5
414.0 777.5
414.0 777.5
414.0 777.5
414.0 777.5
414.0 777.5
414.0 777.5
414.0 777.5
414.0 777.5
414.0 777.5
414.0 777.5
414.0 777.5
414.0 777.5
414.0 777.5
414.0 777.5
414.0 777.5
414.0 777.5
414.0 777.5
414.0 777.5
414.0 777.5
414.0 777.5
414.0 777.5
414.0 777.5
414.0 777.5
414.0 777.5
414.0 777.5
414.0 777.5
414.0 777.5
414.0 777.5
414.0 777.5
414.0 777.5
414.0 777.5
414.0 777.5
414.0 777.5
414.0 777.5
414.0 777.5
414.0 777.5
414.0 777.5
414.0 777.5
414.0 777.5
414.0 777.5
414.0 777.5
414.0 776.5
414.0 776.5
414.0 776.5
414.0 776.5
414.0 776.5
414.0 776.5
414.0 775.5
414.0 774.5
413.0 772.5
413.0 771.5
413.0 770.5
413.0 769.5
412.0 767.5
412.0 766.5
412.0 765.5
411.0 763.5
411.0 762.5
411.0 761.5
410.0 760.5
410.0 758.5
410.0 757.5
409.0 756.5
409.0 755.5
408.0 753.5
408.0 752.5
408.0 751.5
407.0 750.5
407.0 749.5
406.0 747.5
406.0 746.5
405.0 745.5
405.0 744.5
404.0 743.5
404.0 735.5
404.0 723.5
403.0 711.5
402.0 700.5
401.0 689.5
401.0 678.5
400.0 667.5
400.0 656.5
400.0 656.5
399.0 646.5
399.0 644.5
399.0 644.5
399.0 644.5
399.0 644.5
399.0 644.5
